palette natural
gradient 12
0 96 112
0 112 255
255 224 96
0 160 80
0 128 64
64 128 0
128 160 0
160 192 128
176 208 160
192 224 192
224 224 224
255 255 255

palette green
gradient 6
0 128 64
0 160 0
65 208 0
128 255 0
192 96 64
128 96 255
bisector 
160 0 0
site
255 160 160

palette blue
gradient 5
0 0 160
0 0 255
0 255 255
192 255 255
255 255 255

palette yellow
gradient 4
0 0 0
128 64 0
192 128 0
255 255 0

palette oasis
gradient 4
0 64 64
0 128 64
192 128 0
255 255 0

palette push
gradient 4
0 0 0
128 64 0
192 128 0
255 255 0
siteoutline 255 255 0
site 0 0 0

palette mixedstone
site 255 255 255 sites 19
187 163 163  
187 187 163  
163 163 187 
163 187 187
187 163 187
136 112 112  
136 136 112  
112 112 136  
112 136 136  
136 112 136  
161 137 137
161 161 137
137 137 161
137 161 161
161 137 161
116  86  86
116 116  86
86 116 116
116  86 116

  palette brightonwhite site 255 255 255 sites 12
  255 255   0    0 192 255  255   0 128    0 255  96
  160   0 255  255 144   0  208   0 255    0 128 255
  255 192   0  255   0 255  192 255   0    0 255 255
  unclaimed 255 255 255
  
palette red
gradient 9
128 0 0
192 64 0
255 128 0
255 224 0
255 255 0
224 255 0
128 255 0
0 224 0
0 128 0
bisector 192 0 0